D3DFVF_XYZ D3DFVF_NORMAL D3DFVF_DIFFUSE D3DFVF_TEX0
R8PRIM_TRIANGLE_LIST

#00
4.75 4.75 -0.5    0.89 0.0 0.45    ffffff    1.0 0.05
4.75 -4.75 -0.5    0.89 0.0 0.45    ffffff    1.0 0.95
4.5 -4.5 0    0.89 0.0 0.45    ffffff    0.95 0.95

#01
4.75 4.75 -0.5    0.89 0.0 0.45    ffffff    1.0 0.05
4.5 -4.5 0    0.89 0.0 0.45    ffffff    0.95 0.95
4.5 4.5 0    0.89 0.0 0.45    ffffff    0.95 0.05

#02
4.5 4.5 0    0.0 0.0 1.0    ffffff    0.95 0.05
4.5 -4.5 0    0.0 0.0 1.0    ffffff    0.95 0.95
4.0 -4.0 0    0.0 0.0 1.0    ffffff    0.9 0.9

#03
4.5 4.5 0    0.0 0.0 1.0    ffffff    0.95 0.05
4.0 -4.0 0    0.0 0.0 1.0    ffffff    0.9 0.9
4.0 4.0 0    0.0 0.0 1.0    ffffff    0.9 0.1

#04
4.0 4.0 0    -0.89 0.0 0.45    ffffff    0.9 0.1
4.0 -4.0 0    -0.89 0.0 0.45    ffffff    0.9 0.9
4.0 -4.0 -0.5    -0.89 0.0 0.45    ffffff    0.85 0.85

#05
4.0 4.0 0    -0.89 0.0 0.45    ffffff    0.9 0.1
4.0 -4.0 -0.5    -0.89 0.0 0.45    ffffff    0.85 0.85
4.0 4.0 -0.5    -0.89 0.0 0.45    ffffff    0.85 0.15

#06
4.75 -4.75 -0.5    0.0 -0.89 0.45    ffffff    0.95 1.0
-4.75 -4.75 -0.5    0.0 -0.89 0.45    ffffff    0.05 1.0
-4.5 -4.5 0    0.0 -0.89 0.45    ffffff    0.05 0.95

#07
4.75 -4.75 -0.5    0.0 -0.89 0.45    ffffff    0.95 1.0
-4.5 -4.5 0    0.0 -0.89 0.45    ffffff    0.05 0.95
4.5 -4.5 0    0.0 -0.89 0.45    ffffff    0.95 0.95

#08
4.5 -4.5 0    0.0 0.0 1.0    ffffff    0.95 0.95
-4.5 -4.5 0    0.0 0.0 1.0    ffffff    0.05 0.95
-4.0 -4.0 0    0.0 0.0 1.0    ffffff    0.1 0.9

#09
4.5 -4.5 0    0.0 0.0 1.0    ffffff    0.95 0.95
-4.0 -4.0 0    0.0 0.0 1.0    ffffff    0.1 0.9
4.0 -4.0 0    0.0 0.0 1.0    ffffff    0.9 0.9

#10
4.0 -4.0 0    0.0 0.89 0.45    ffffff    0.9 0.9
-4.0 -4.0 0    0.0 0.89 0.45    ffffff    0.1 0.9
-4.0 -4.0 -0.5    0.0 0.89 0.45    ffffff    0.15 0.85

#11
4.0 -4.0 0    0.0 0.89 0.45    ffffff    0.9 0.9
-4.0 -4.0 -0.5    0.0 0.89 0.45    ffffff    0.15 0.85
4.0 -4.0 -0.5    0.0 0.89 0.45    ffffff    0.85 0.85

#12
-4.75 -4.75 -0.5    -0.89 0.0 0.45    ffffff    0.0 0.95
-4.75 4.75 -0.5    -0.89 0.0 0.45    ffffff    0.0 0.05
-4.5 4.5 0    -0.89 0.0 0.45    ffffff    0.05 0.05

#13
-4.75 -4.75 -0.5    -0.89 0.0 0.45    ffffff    0.0 0.95
-4.5 4.5 0    -0.89 0.0 0.45    ffffff    0.05 0.05
-4.5 -4.5 0    -0.89 0.0 0.45    ffffff    0.05 0.95

#14
-4.5 -4.5 0    0.0 0.0 1.0    ffffff    0.05 0.95
-4.5 4.5 0    0.0 0.0 1.0    ffffff    0.05 0.05
-4.0 4.0 0    0.0 0.0 1.0    ffffff    0.1 0.1

#15
-4.5 -4.5 0    0.0 0.0 1.0    ffffff    0.05 0.95
-4.0 4.0 0    0.0 0.0 1.0    ffffff    0.1 0.1
-4.0 -4.0 0    0.0 0.0 1.0    ffffff    0.1 0.9

#16
-4.0 -4.0 0    0.89 0.0 0.45    ffffff    0.1 0.9
-4.0 4.0 0    0.89 0.0 0.45    ffffff    0.1 0.1
-4.0 4.0 -0.5    0.89 0.0 0.45    ffffff    0.15 0.15

#17
-4.0 -4.0 0    0.89 0.0 0.45    ffffff    0.1 0.9
-4.0 4.0 -0.5    0.89 0.0 0.45    ffffff    0.15 0.15
-4.0 -4.0 -0.5    0.89 0.0 0.45    ffffff    0.15 0.85

#18
-4.75 4.75 -0.5    0.0 0.89 0.45    ffffff    0.05 0.0
4.75 4.75 -0.5    0.0 0.89 0.45    ffffff    0.95 0.0
4.5 4.5 0    0.0 0.89 0.45    ffffff    0.95 0.05

#19
-4.75 4.75 -0.5    0.0 0.89 0.45    ffffff    0.05 0.0
4.5 4.5 0    0.0 0.89 0.45    ffffff    0.95 0.05
-4.5 4.5 0    0.0 0.89 0.45    ffffff    0.05 0.05

#20
-4.5 4.5 0    0.0 0.0 1.0    ffffff    0.05 0.05
4.5 4.5 0    0.0 0.0 1.0    ffffff    0.95 0.05
4.0 4.0 0    0.0 0.0 1.0    ffffff    0.9 0.1

#21
-4.5 4.5 0    0.0 0.0 1.0    ffffff    0.05 0.05
4.0 4.0 0    0.0 0.0 1.0    ffffff    0.9 0.1
-4.0 4.0 0    0.0 0.0 1.0    ffffff    0.1 0.1

#22
-4.0 4.0 0    0.0 -0.89 0.45    ffffff    0.1 0.1
4.0 4.0 0    0.0 -0.89 0.45    ffffff    0.9 0.1
4.0 4.0 -0.5    0.0 -0.89 0.45    ffffff    0.85 0.15

#23
-4.0 4.0 0    0.0 -0.89 0.45    ffffff    0.1 0.1
4.0 4.0 -0.5    0.0 -0.89 0.45    ffffff    0.85 0.15
-4.0 4.0 -0.5    0.0 -0.89 0.45    ffffff    0.15 0.15

