D3DFVF_XYZ D3DFVF_NORMAL D3DFVF_DIFFUSE D3DFVF_TEX0
R8PRIM_TRIANGLE_LIST

# X+
 1 -1  1     1  0  0    ff0000    0.0 1.0
 1  1  1     1  0  0    ff0000    1.0 1.0
 1  1 -1     1  0  0    ff0000    1.0 0.0

 1 -1  1     1  0  0    ff0000    0.0 1.0
 1  1 -1     1  0  0    ff0000    1.0 0.0
 1 -1 -1     1  0  0    ff0000    0.0 0.0

# X-
-1 -1  1    -1  0  0    ff00      0.0 1.0
-1  1 -1    -1  0  0    ff00      1.0 0.0
-1  1  1    -1  0  0    ff00      1.0 1.0

-1 -1  1    -1  0  0    ff00      0.0 1.0
-1 -1 -1    -1  0  0    ff00      0.0 0.0
-1  1 -1    -1  0  0    ff00      1.0 0.0

# Y+
-1  1  1     0  1  0    ff        0.0 1.0
-1  1 -1     0  1  0    ff        0.0 0.0
 1  1 -1     0  1  0    ff        1.0 0.0

-1  1  1     0  1  0    ff        0.0 1.0
 1  1 -1     0  1  0    ff        1.0 0.0
 1  1  1     0  1  0    ff        1.0 1.0

# Y-
-1 -1  1     0 -1  0    ffff00    0.0 1.0
 1 -1 -1     0 -1  0    ffff00    1.0 0.0
-1 -1 -1     0 -1  0    ffff00    0.0 0.0

-1 -1  1     0 -1  0    ffff00    0.0 1.0
 1 -1  1     0 -1  0    ffff00    1.0 1.0
 1 -1 -1     0 -1  0    ffff00    1.0 0.0

# Z+
 1 -1  1     0  0  1    ff00ff    1.0 0.0
-1 -1  1     0  0  1    ff00ff    0.0 0.0
-1  1  1     0  0  1    ff00ff    0.0 1.0

 1 -1  1     0  0  1    ff00ff    1.0 0.0
-1  1  1     0  0  1    ff00ff    0.0 1.0
 1  1  1     0  0  1    ff00ff    1.0 1.0

# Z-
 1 -1 -1     0  0 -1    ffffff    1.0 0.0
-1  1 -1     0  0 -1    ffffff    0.0 1.0
-1 -1 -1     0  0 -1    ffffff    0.0 0.0

 1 -1 -1     0  0 -1    ffffff    1.0 0.0
 1  1 -1     0  0 -1    ffffff    1.0 1.0
-1  1 -1     0  0 -1    ffffff    0.0 1.0
