D3DFVF_XYZ D3DFVF_NORMAL D3DFVF_DIFFUSE D3DFVF_TEX0
R8PRIM_TRIANGLE_LIST

#00
1.0 0.75 0.0    0.0 0.0 1.0    ffffff    0.9 0.2
1.0 -0.75 0.0    0.0 0.0 1.0    ffffff    0.9 0.8
0.75 -1.0 0.0    0.0 0.0 1.0    ffffff    0.8 0.9

#01
1.0 0.75 0.0    0.0 0.0 1.0    ffffff    0.9 0.2
0.75 -1.0 0.0    0.0 0.0 1.0    ffffff    0.8 0.9
0.75 1.0 0.0    0.0 0.0 1.0    ffffff    0.8 0.1

#02
0.75 1.0 0.0    0.0 0.0 1.0    ffffff    0.8 0.1
0.75 -1.0 0.0    0.0 0.0 1.0    ffffff    0.8 0.9
-0.75 -1.0 0.0    0.0 0.0 1.0    ffffff    0.2 0.9

#03
0.75 1.0 0.0    0.0 0.0 1.0    ffffff    0.8 0.1
-0.75 -1.0 0.0    0.0 0.0 1.0    ffffff    0.2 0.9
-0.75 1.0 0.0    0.0 0.0 1.0    ffffff    0.2 0.1

#04
-0.75 1.0 0.0    0.0 0.0 1.0    ffffff    0.2 0.1
-0.75 -1.0 0.0    0.0 0.0 1.0    ffffff    0.2 0.9
-1.0 -0.75 0.0    0.0 0.0 1.0    ffffff    0.1 0.8

#05
-0.75 1.0 0.0    0.0 0.0 1.0    ffffff    0.2 0.1
-1.0 -0.75 0.0    0.0 0.0 1.0    ffffff    0.1 0.8
-1.0 0.75 0.0    0.0 0.0 1.0    ffffff    0.1 0.2

#06
0.8 1.05 -0.25    0.707 0.700 0.0    ffffff    0.8707 0.0293
1.0 0.75 0.0    0.707 0.700 0.0    ffffff    0.9 0.2
0.75 1.0 0.0    0.707 0.700 0.0    ffffff    0.8 0.1

#07
1.05 0.8 -0.25    0.707 0.700 0.0    ffffff    0.9707 0.1293
1.0 0.75 0.0    0.707 0.700 0.0    ffffff    0.9 0.2
0.8 1.05 -0.25    0.707 0.700 0.0    ffffff    0.8707 0.0293

#08
1.05 0.8 -0.25    1.0 0.0 0.0    ffffff    1.0 0.2
1.0 -0.75 0.0    1.0 0.0 0.0    ffffff    0.9 0.8
1.0 0.75 0.0    1.0 0.0 0.0    ffffff    0.9 0.2

#09
1.05 0.8 -0.25    1.0 0.0 0.0    ffffff    1.0 0.2
1.05 -0.8 -0.25    1.0 0.0 0.0    ffffff    1.0 0.8
1.0 -0.75 0.0    1.0 0.0 0.0    ffffff    0.9 0.8

#10
1.05 -0.8 -0.25    0.707 -0.707 0.0    ffffff    0.9707 0.8707
0.75 -1.0 0.0    0.707 -0.707 0.0    ffffff    0.8 0.9
1.0 -0.75 0.0    0.707 -0.707 0.0    ffffff    0.9 0.8

#11
1.05 -0.8 -0.25    0.707 -0.707 0.0    ffffff    0.9707 0.8707
0.8 -1.05 -0.25    0.707 -0.707 0.0    ffffff    0.8707 0.9707
0.75 -1.0 0.0    0.707 -0.707 0.0    ffffff    0.8 0.9

#12
0.75 -1.0 0.0    0.0 -1.0 0.0    ffffff    0.8 0.9
0.8 -1.05 -0.25    0.0 -1.0 0.0    ffffff    0.8 1.0
-0.75 -1.0 0.0    0.0 -1.0 0.0    ffffff    0.2 0.9

#13
0.8 -1.05 -0.25    0.0 -1.0 0.0    ffffff    0.8 1.0
-0.8 -1.05 -0.25    0.0 -1.0 0.0    ffffff    0.2 1.0
-0.75 -1.0 0.0    0.0 -1.0 0.0    ffffff    0.2 0.9

#14
-0.75 -1.0 0.0    -0.707 -0.707 0.0    ffffff    0.2 0.9
-0.8 -1.05 -0.25    -0.707 -0.707 0.0    ffffff    0.1293 0.9707
-1.0 -0.75 0.0    -0.707 -0.707 0.0    ffffff    0.1 0.8

#15
-1.0 -0.75 0.0    -0.707 -0.707 0.0    ffffff    0.1 0.8
-0.8 -1.05 -0.25    -0.707 -0.707 0.0    ffffff    0.1293 0.9707
-1.05 -0.8 -0.25    -0.707 -0.707 0.0    ffffff    0.0293 0.8707

#16
-1.0 0.75 0.0    -1.0 0.0 0.0    ffffff    0.1 0.2
-1.0 -0.75 0.0    -1.0 0.0 0.0    ffffff    0.1 0.8
-1.05 -0.8 -0.25    -1.0 0.0 0.0    ffffff    0.0 0.8

#17
-1.0 0.75 0.0    -1.0 0.0 0.0    ffffff    0.1 0.2
-1.05 -0.8 -0.25    -1.0 0.0 0.0    ffffff    0.0 0.8
-1.05 0.8 -0.25    -1.0 0.0 0.0    ffffff    0.0 0.2

#18
-0.75 1.0 0.0    -0.707 0.707 0.0    ffffff    0.2 0.1
-1.0 0.75 0.0    -0.707 0.707 0.0    ffffff    0.1 0.2
-1.05 0.8 -0.25    -0.707 0.707 0.0    ffffff    0.0293 0.1293

#19
-0.75 1.0 0.0    -0.707 0.707 0.0    ffffff    0.2 0.1
-1.05 0.8 -0.25    -0.707 0.707 0.0    ffffff    0.0293 0.1293
-0.8 1.05 -0.25    -0.707 0.707 0.0    ffffff    0.1293 0.0293

#20
0.75 1.0 0.0    0.0 1.0 0.0    ffffff    0.8 0.1
-0.75 1.0 0.0    0.0 1.0 0.0    ffffff    0.2 0.1
-0.8 1.05 -0.25    0.0 1.0 0.0    ffffff    0.2 0.0

#21
0.8 1.05 -0.25    0.0 1.0 0.0    ffffff    0.8 0.0
0.75 1.0 0.0    0.0 1.0 0.0    ffffff    0.8 0.1
-0.8 1.05 -0.25    0.0 1.0 0.0    ffffff    0.2 0.0


